7676
1556
1327
7324
7133
4734
553
9580
6716
7788
9058
7606
5110
7301
8798
1105
2706
5052
7884
3088
9641
6869
9919
2665
1988
3235
6278
4636
9818
3216
5267
3930
2569
5521
7822
7620
1281
6644
2740
7460
9330
58
9589
627
7045
2315
1112
4375
6085
3226
9973
4615
620
5829
3027
6989
7086
5522
264
3447
6897
4319
4862
8697
6191
1163
5152
3256
3666
4394
9957
683
6604
89
8331
6222
5007
2730
8543
192
3535
7777
7151
6718
6056
2989
3908
7353
6721
3661
9137
7670
8882
9613
1203
6105
9866
4397
1989
3339
3186
9365
3417
3948
6550
3766
5622
3865
2038
6882
4274
379
5525
7221
5317
2940
2626
7049
9933
1188
9334
1119
4088
9791
7718
7582
9057
4686
4727
1169
9088
1580
5204
8916
9371
8101
8532
3610
1065
3617
5996
3916
1013
6386
6802
2204
1614
4109
7201
2949
7229
7771
6035
7941
761
765
3268
2368
26
208
4551
6752
6759
7318
5610
9316
1418
8907
787
3667
7304
239
6382
6884
7146
7566
4670
9601
7007
2076
1482
3437
2489
8537
9498
651
4528
2230
3455
3545
9997
2008
4705
3632
2121
8965
7251
4962
4011
8306
5042
7415
7907
6664
5811
5231
6590
160
6794
1265
616
3620
1214
7783
3241
780
1165
726
7838
6356
70
5733
6853
3850
4357
9061
6531
5760
8269
4659
8744
8014
4249
623
181
931
5934
3297
1173
9198
298
5101
227
3408
7540
7747
3280
4565
2759
3318
7812
7359
350
7699
9995
2162
8017
238
1578
4165
5859
844
821
7559
5341
9806
2830
6667
535
4635
7949
919
2297
7861
5089
4653
6877
7036
536
6106
5079
3846
2753
7488
7327
2700
1828
2596
1376
3756
7957
2745
1007
3820
2028
4537
4561
8073
526
8338
2155
4664
7531
6050
9299
6796
3201
445
8055
1416
8195
7665
9319
6459
6440
5753
1475
7692
193
2604
3427
9154
2147
7167
5073
9822
7314
1248
1677
9047
3996
7244
9138
1876
1868
2375
9429
510
9568
1834
7351
3472
3515
3978
9441
7657
421
913
4660
8378
2371
3470
4143
1860
1285
2500
3512
5325
6233
8274
1053
9120
354
7934
2668
2163
5441
486
393
5499
9066
3333
7401
3613
3191
4428
1080
2473
3811
6235
9045
6941
4646
8224
8921
5734
8007
1262
1477
8626
2514
2808
5980
3985
5009
734
9493
6577
9528
2223
5958
4852
3016
852
6900
2890
815
6538
5247
7550
1411
2661
7858
8423
1980
4407
301
6951
3073
5437
6662
3383
9340
9331
417
9559
6391
6419
9624
8607
3451
2760
3522
4436
8748
9051
8043
3940
882
1984
8105
266
8066
3349
2919
9714
3843
7498
6320
5019
3741
6469
8687
9892
3488
9946
8829
8359
356
4890
3200
8980
9409
3255
9669
8809
6164
4513
2662
9993
892
5797
6460
6325
4570
9730
7950
7234
9573
3838
3222
3058
7271
7272
7157
87
5867
3984
1280
760
4903
4687
6564
1115
3441
8821
5071
7210
9810
8065
5819
1117
8641
76
9986
5929
2000
2270
9647
9300
8835
4500
7613
3688
4640
1187
2221
1195
7505
4683
5500
3725
5363
3622
6998
9007
653
8225
9248
3580
3952
6903
4762
3775
4061
9136
3942
450
1909
8505
200
8932
236
362
7365
9195
6497
1406
1027
5059
3852
3911
6047
8691
7835
6557
1848
1521
6559
7562
2125
1663
4508
1733
605
8223
5136
7312
5475
4386
1245
4071
1412
1298
6504
5957
3995
3788
7577
3640
4179
1599
3295
3777
6202
558
910
271
7971
9650
6031
4306
5121
5094
2669
5926
7656
369
9713
2992
5399
1291
1284
8283
2576
4007
2158
7674
5803
8350
3299
6052
3623
8459
1995
112
9060
4360
7100
3893
9797
4202
9315
8631
2278
9083
8695
9903
9015
7748
3324
8853
4619
2762
2215
4643
8935
628
3240
4511
7459
2474
2133
7589
8875
9987
4237
3631
8956
8025
4075
8912
8975
5419
1522
104
189
7017
7226
7447
8263
1719
7442
7664
7511
568
7475
6425
3225
5727
9948
1204
8509
4840
7831
9883
9936
3491
5127
8204
561
5903
440
5654
2092
4502
2347
6298
5512
8715
8771
7778
8657
5602
4059
20
3601
6086
5806
8529
7048
8048
1916
4850
1455
138
4099
5697
7935
5681
7666
4337
8346
4496
7571
1512
7841
4396
9522
3271
6082
2968
6421
830
7347
4554
9458
9565
6509
5426
418
7341
679
6077
7983
6364
7119
2768
6534
324
9683
2897
4688
9228
764
8589
6483
7785
6418
6963
4471
282
8516
3793
9093
929
49
2922
3394
9807
3374
3962
7019
1527
9808
2735
8259
2552
4062
5519
5952
5830
8207
8413
2448
3162
6663
4025
1734
4032
6165
2858
3218
3683
2045
7924
3344
2835
7142
4106
5134
8766
247
7154
7448
7553
3578
385
2917
7624
9840
8788
6643
4620
7247
7507
1829
5730
1373
4232
5576
3067
4243
2836
3805
8169
2226
8909
6121
8181
3249
8201
3901
465
4135
5219
2693
1799
4936
3389
6515
3326
640
3804
6849
1539
6548
9596
4438
7539
7938
8698
4815
9877
5756
9369
5718
941
4949
442
9490
9303
6289
8546
2101
3345
1537
9842
4160
528
9672
6723
8990
2152
6100
5642
3450
5179
2560
5416
6441
6836
7864
5212
2005
922
114
7144
6341
2741
3803
9157
9693
8761
1601
5085
7446
9657
523
5498
177
672
9400
9660
338
9027
8262
4268
6496
5222
3356
9329
5532
8431
6368
8579
2829
5098
4369
4928
1118
8134
5192
4218
4366
7712
4316
4048
2811
329
4761
2796
6359
4118
2777
1774
9177
7713
6292
740
1587
3005
8310
376
4073
7470
7680
6576
7080
6318
8144
4408
2671
8774
6846
8233
175
7116
6396
5968
6925
3762
1756
1040
9621
2883
1062
7965
1186
2353
4690
5154
589
1318
1351
5923
5666
9812
6875
4301
3205
8298
3505
4608
8754
3772
9515
6427
5080
8595
9855
8155
979
7090
1125
4501
4285
9885
2366
1256
260
7148
9617
7469
4610
4958
5195
8865
4450
9379
4885
714
4026
7192
423
1788
5938
7851
7092
8672
4265
6811
2062
9135
469
617
2171
6413
4159
3987
5649
5493
3048
7897
513
7285
8727
2177
1627
292
2064
9448
3887
2441
108
5839
4924
8503
7579
3018
2216
5601
4855
774
625
6348
9352
8157
1846
6045
2616
2392
1096
2866
8665
3080
2765
1479
4574
5755
2942
6435
4668
4267
5772
1675
6629
2034
9962
8943
3329
483
8484
8336
6009
586
1158
7168
2357
7021
4411
5688
5208
5916
444
6605
1324
9505
2349
5122
9222
1665
8030
9233
5870
7737
9307
556
131
5509
2973
6428
7041
1695
5637
4996
1018
7749
1167
5114
1735
4454
1286
2653
4991
9588
7164
7483
6288
6851
9234
9037
1759
5858
8538
2287
4125
3670
7082
1874
2199
8800
1895
6907
1543
5828
245
8080
3358
8018
675
4555
1819
5266
1552
54
6439
8429
3148
4578
2660
2172
3611
1433
5983
8220
9287
2380
1316
9771
7551
8261
955
6089
9558
5951
1497
5352
3101
3674
7509
3707
8775
3258
3335
1061
1283
448
1584
8254
258
4910
6769
8384
1399
3140
4774
2283
2094
8099
9820
4223
4894
432
8474
921
5837
577
6256
1465
4995
2793
8430
470
7386
1931
6962
4461
4869
5046
867
2254
1968
394
8810
5573
6151
5605
749
1148
1561
4470
5471
15
3896
7366
6754
8196
9043
6691
7594
4816
6993
1801
1391
5215
8726
295
5285
5911
3931
1914
3457
3035
7787
5184
6765
4605
2935
2439
6083
1099
3411
4876
2729
8409
1712
9420
1362
6003
875
2580
1189
3904
7199
7945
7323
6143
854
9447
1175
1261
1832
3664
9086
9799
1425
8833
8656
2428
1008
391
1288
1505
6569
725
1880
4851
4590
7731
1571
6687
88
8161
2150
5057
8858
9359
3273
3421
1852
9934
7265
6219
4363
3761
5423
2336
8151
9432
884
2733
1628
8688
8393
8993
8234
1563
5719
8581
7441
4918
9001
6614
8574
1626
7660
5453
5237
6532
228
7031
8951
6861
8302
9421
3564
6597
2004
299
3976
9391
870
7113
6508
2841
4782
4535
1239
5262
1517
2908
6275
1508
3922
1800
3735
8632
8627
5390
9636
5921
7376
9754
6013
2644
3192
2606
5676
125
3401
4940
1908
2703
9584
3529
9983
8394
7675
722
7039
5277
8469
9080
9389
1312
7581
744
2649
3789
4798
9424
6283
8023
3404
881
2615
5825
3550
1565
9564
5090
501
4539
4712
7310
3872
316
6760
9125
1170
5147
534
176
8827
3183
1498
9930
5932
639
9792
3113
3592
222
4834
899
218
1640
6606
9856
7720
2090
1853
7155
7471
3375
6369
735
118
9825
4658
2149
5607
4916
323
33
5539
7249
3697
4799
300
5778
8684
7138
2852
9190
8386
4529
9291
4448
1900
2937
2918
6562
2985
2044
32
2728
1514
3575
8013
8249
6983
8117
1992
4422
3246
9626
7627
5334
5692
2006
2067
1554
1750
9109
3468
6734
908
5359
6735
142
9455
7714
8862
5242
791
9880
6986
4676
5289
8374
2466
6266
3132
8036
2153
599
4392
6387
4779
9671
7600
6536
7585
5270
8668
8165
2542
9320
6729
5055
629
3638
2280
2516
3571
9637
17
5551
4201
1678
161
5442
6933
103
4066
4072
6102
7863
8296
4174
1209
5748
6821
3812
1974
741
1263
1471
7375
2876
1715
8914
3721
8219
4054
2620
9318
7064
408
2113
9321
3748
4681
8056
3585
1528
265
2126
2438
9040
819
2118
6005
7209
8032
1216
1591
3577
4841
6001
1686
3597
5812
1358
3599
8599
8952
6902
1965
9759
1510
231
5917
7008
4912
506
5703
2245
777
3294
1975
9396
9544
2849
7407
2948
7307
8210
5791
3206
1551
5752
4132
5087
8123
2282
5252
8593
3817
1926
6420
7294
4794
1795
4701
1702
7730
4689
9899
8987
4211
1135
509
2025
9169
2971
5991
8600
5594
6360
8498
8512
7502
4215
5878
2647
9785
1075
5450
5518
7496
3017
650
7816
7219
1364
5323
6448
6706
7125
7337
4380
6332
435
5158
3321
2258
1452
8953
1067
8256
6053
9536
235
8854
5877
5111
902
8245
4609
7405
5664
2018
2629
2459
7103
4662
2416
4613
5379
9202
9397
8737
7905
3257
2546
3643
2185
2804
4008
8251
1959
7959
8677
2589
9519
7152
4595
7622
9746
7630
5075
1268
5296
2235
463
6539
7726
9283
9532
5767
2481
1009
5834
2688
953
7960
8054
909
3634
9543
6290
5429
8679
8999
6034
2106
8818
1520
3626
7499
5381
9609
3736
769
2815
8886
9562
2517
5333
3388
1871
6712
4677
8228
492
4030
7452
1899
2506
2197
835
4808
14
2496
730
9602
2319
5120
2151
451
750
2792
7890
2965
7173
6708
6720
4006
4728
3685
9087
4311
8280
1711
3792
6033
706
4980
6955
7873
8226
4462
4012
691
2528
6022
4406
701
3040
5838
8719
8285
8026
2189
117
2770
2714
7468
4090
4235
1982
3729
7388
8734
4944
7618
8411
9192
3448
6169
2859
8077
5082
3786
2124
7241
1740
4161
4988
4372
185
1397
9778
6641
1492
7432
7799
5445
3882
2640
2909
4504
6885
1662
3881
1645
3944
1936
4289
4682
4134
6602
3072
2539
5239
9575
5884
886
5840
912
6669
2648
3220
4597
547
4197
6353
6492
7120
1320
6859
4783
6095
3074
367
8357
6155
4017
6017
8355
4786
5965
6170
4568
2627
7071
4809
8107
7724
3971
1821
2797
4778
8435
2639
4079
3608
1178
8275
4312
9108
8295
7230
927
9370
4302
3923
8345
9954
8924
1739
2713
4039
5563
9428
2734
7223
6980
9729
1030
2520
5764
4254
642
1241
7134
3958
869
8403
75
6767
2824
9518
2485
9160
3921
7651
7661
9760
1820
8473
5802
3956
862
6871
5351
4987
4787
1225
3659
5590
8724
9152
4231
8913
7829
6633
6094
6961
8351
5732
9491
2056
1434
6200
6594
5744
3588
5216
2200
662
4
7564
2548
9463
6999
2178
545
3012
4577
9091
4950
3815
2988
4624
8001
5885
4673
4756
7357
6791
8623
6678
8958
9503
1287
2828
2123
496
4671
8069
6336
9224
601
4780
8010
3723
8273
2393
4886
8465
2141
6018
6668
9984
5260
5515
7790
1426
3436
7504
9273
8244
1903
9658
9762
6361
4741
2981
5722
5603
9496
5244
1011
8605
3857
7506
4191
9510
6040
564
635
5356
1983
3572
1549
4024
6309
8076
5864
9113
344
6118
8087
1052
7508
6603
5914
1114
7958
2433
8264
9583
6612
4616
2751
4150
415
3158
9862
8692
5677
3362
5502
4183
5548
1357
8049
331
3138
9527
3713
2572
1380
4442
1410
8002
5883
5936
6107
776
9275
2511
3319
5559
4474
1823
6366
6563
7003
9823
2464
2501
8897
3044
9357
7797
7425
8799
8670
9103
3557
109
9151
582
6991
9124
8730
6225
6672
5583
67
7114
9710
4340
2085
3378
5144
4907
6946
403
1459
5249
1328
2794
8584
9999
7936
5324
4229
6953
306
8945
6579
9266
6781
4022
9699
9940
9101
1811
6732
8556
6820
5652
4084
1210
7879
6255
1405
382
6449
5557
9064
3291
7854
6156
9048
5291
9516
1121
8889
3951
7129
6773
9687
4142
2778
1367
4188
7782
2724
5661
5370
4000
7980
7516
9751
4751
1255
9530
5777
1070
416
8618
5388
6388
2054
1583
1230
7557
7752
493
2587
6183
7878
7621
3412
7780
6293
2256
1615
9700
8347
6
1892
8877
4040
879
5575
2731
5578
3167
4355
4967
9179
3123
1181
1350
6910
6679
801
3548
647
4077
3774
7286
2568
6990
4195
6093
1942
1486
4051
4843
2462
9938
707
3314
6032
1250
3655
3030
9010
1194
5298
2624
5488
8349
8926
1456
3452
457
5527
2409
7926
4127
3342
4541
1863
5113
7233
6551
9677
9449
7638
5570
7027
82
4430
5104
7573
5269
9332
6546
6485
4332
4315
894
8915
8755
1882
9777
2170
155
3910
9148
4354
3416
6942
8059
5614
583
2826
6873
1094
1921
2050
9167
1460
9719
9814
2775
9651
7986
8994
6524
7868
5198
7802
9469
6311
8160
9392
6116
6518
3119
2303
9768
4158
7526
5596
2929
667
2120
6190
1229
7740
9979
4228
7723
552
3316
4331
7769
4921
1837
1001
250
178
6027
210
7331
3475
7074
1470
4155
124
8658
8831
7702
9076
8781
8898
3111
8513
1708
681
6161
3221
8592
4552
4667
6674
5738
4655
287
1911
7654
3739
7078
5365
6473
5650
3471
7107
1586
6753
219
311
5326
9325
7484
3593
8045
1958
5339
1957
6695
5823
5740
9014
8539
143
1676
7354
6291
2122
3890
2635
8917
9223
8940
9870
5000
9383
3654
1004
7335
4785
3215
3352
9996
7584
6975
5047
9676
6800
4494
4490
8420
993
4119
1941
3794
4345
8267
6651
9185
8127
1929
4346
8180
3439
5068
3466
6490
5494
6992
7857
3446
4065
1384
2956
7035
41
5892
9203
5203
1935
1634
3155
7542
1381
5972
387
5143
5879
477
6429
975
8313
8289
6932
4227
9500
4015
8968
3142
8095
6181
6930
5016
8541
3672
7099
6673
7872
7810
3518
2523
2851
9174
8504
9328
5449
2461
7518
1238
7554
8149
9926
8629
7798
6749
7671
1566
3078
4277
4835
4194
1780
4330
4424
8252
1606
2736
2079
3157
1540
4576
1861
7939
4453
8190
6123
2077
9764
8793
5875
5088
3013
5474
6488
5126
1267
1454
779
9711
3993
5821
1978
4807
8638
9155
2111
6908
6137
2677
4281
7791
3779
4708
9749
7174
7933
8452
2899
8955
283
8299
4472
7228
6726
188
8060
8379
6321
6272
1544
4736
9238
7655
8823
5788
3260
6683
1409
8625
9023
8173
2789
1036
4938
5401
2043
4343
6054
5961
7309
2925
5460
3980
9639
1706
2222
7668
9910
9970
1022
6476
3523
2801
9701
5855
502
3975
597
5663
4086
8991
4617
9539
7466
3983
2488
166
8859
3029
5027
2522
7527
9736
307
6182
7022
9052
8526
6206
5415
122
7215
555
4696
4880
6434
4387
3749
7605
6645
4149
7632
7236
7578
7906
2255
2944
5949
3758
8633
9227
3559
5556
8493
718
9229
5175
6196
9722
3941
8266
6088
1374
1530
1437
7768
1641
2727
6567
3860
942
1897
4060
9776
2429
1779
3340
8033
7207
7686
8097
3007
8891
8828
9257
7282
6381
5074
6828
1816
8982
9552
3203
7808
580
9278
6545
7188
6772
8713
3037
7669
4190
977
5682
5309
7062
9107
4838
9942
1639
3002
1924
700
2873
2862
2344
129
8973
3959
6109
4771
7093
5768
9694
2394
6443
2445
5729
3168
9301
8770
8421
9468
5894
4110
9237
1272
3098
5465
7567
5037
8096
3657
1082
9980
4952
9851
7336
9178
4550
6570
9689
3967
3449
5633
5290
5380
9913
7326
7537
8776
2091
1142
6985
4320
8050
6098
1306
3837
1026
2257
2926
9635
5241
8329
390
3703
2065
2842
9405
8344
8448
5330
504
4313
2901
3582
3728
2467
823
5517
7451
6620
8136
7440
6858
5547
1228
6793
895
2905
4651
293
1657
8696
5337
7427
4847
3979
4650
7722
4253
3278
5869
5944
988
184
8352
3189
3552
4828
3211
5446
2683
8039
9964
7847
7444
1524
6042
5458
4382
853
772
2364
1467
7814
3635
4684
784
9039
9159
6130
4209
4549
2666
4709
2654
1894
1579
7364
6220
6813
8590
1790
5751
9451
3154
7953
110
8360
9034
5023
7514
2513
4819
8558
5866
7535
8767
8003
5647
2833
7067
7026
4261
4797
1960
1047
4452
5920
9653
7663
5979
8920
7381
4811
8822
84
9016
9277
5976
2089
1072
3894
1629
5182
6393
9276
2847
4612
6162
18
3301
6890
1840
696
3086
7746
7970
8783
3000
1184
2821
585
2338
6775
2761
4723
8861
713
5081
7112
873
5012
3187
8547
3460
4804
888
3999
6500
2590
6803
6494
5196
6192
8240
6273
5150
5162
9894
5049
6943
1729
2599
8510
1168
2900
5302
251
840
6912
6574
1372
4569
3816
6778
704
9725
5880
2386
4339
7961
9976
843
3270
3542
6312
5014
7679
9717
6549
3120
9221
8988
8451
3827
739
2408
4241
8745
5395
752
308
1691
1234
9524
3057
6556
2265
3717
7765
8282
5905
7130
7490
7109
9161
9692
1598
4638
2631
2995
6407
4726
5881
5963
6519
6956
6613
6207
1945
1907
6334
4626
6592
9805
7807
6134
5145
6068
3134
9614
2359
3163
5503
1859
5588
6253
5234
3145
4897
5100
6883
4693
8154
2540
8000
3433
1752
5201
2996
4887
6041
638
693
9600
2493
6866
74
4162
9884
7987
9056
1068
1424
339
2598
6659
3281
7412
4594
5368
3173
5597
5620
9356
4899
1192
3469
8608
3669
839
8910
9670
8844
7202
4358
6507
2135
1489
3495
9668
1435
3366
7047
304
3581
1545
8458
954
352
6016
865
8103
5028
6037
4449
5243
7920
2983
8425
2657
2384
4768
916
9029
1707
5540
7762
614
1161
799
1655
9850
5472
9036
6711
1743
834
7480
2822
268
6733
5706
6979
4325
6619
2378
6260
6761
7087
4082
9274
3680
608
6244
1078
6072
3064
9313
3393
1906
7646
9705
5813
6934
3989
4874
2685
6415
9738
6010
1824
8354
8366
9998
3734
5896
5436
83
7685
8606
195
9513
6055
4773
6724
1215
2343
5835
1689
8998
2573
6585
7059
2846
8064
5064
2843
6618
6996
8401
9197
5904
476
1869
7717
8372
270
2726
4226
6854
2791
8836
2219
355
2504
5011
8323
3936
3553
326
3663
2426
1472
9763
4711
3077
8167
3637
2605
9610
97
9017
7001
9381
7065
5762
3856
21
8222
187
880
2457
2772
521
6208
6142
5977
5492
5801
7843
3008
4063
9945
3385
9236
1922
2358
8495
9989
8490
9385
8311
9232
2814
9620
1
4094
4922
3502
7398
7428
6737
2869
3315
783
904
1889
6491
7070
3504
6779
2963
3500
7096
8689
782
5286
6675
8114
897
5095
9963
6301
1086
7634
9311
2737
8382
8919
280
5742
6304
6350
1704
7658
226
2592
7894
4878
5994
3267
1877
3561
3795
807
1015
5902
6905
2999
8462
7393
964
5340
3208
6080
6968
8004
1636
8795
5480
4356
1130
1817
5159
6901
2437
8121
7874
4404
4743
8563
9937
798
9605
1878
5844
1124
4934
9831
4637
481
6270
9474
7217
8778
3715
1305
7437
7751
945
4842
3516
8467
9168
8979
5119
9545
6475
8901
6345
5230
1638
4263
1600
6699
2306
5504
2107
6994
5971
1254
3093
2943
7837
4955
7806
495
1700
5295
4758
5476
5714
7844
2958
4469
6540
2444
2099
9012
3499
2029
157
7105
814
5236
5005
1721
1152
5580
233
4038
4985
7885
3031
8544
2541
1938
7773
1315
666
7123
3800
7477
8789
5969
152
1066
2708
2895
837
4146
2002
3710
3109
3718
8047
9876
6898
5189
1944
5010
61
8188
3832
2237
2870
3354
8531
2837
3738
893
6829
2823
710
4199
8869
7346
5541
5511
5586
7902
246
5769
9873
2404
1010
4374
398
366
7085
2440
4803
8194
9241
7556
8680
4925
2073
9576
6862
1289
8989
3298
410
7016
309
7290
5672
4189
1507
5375
3245
5824
7160
162
5251
63
3496
7177
7635
9793
7235
8848
4889
8678
3353
6453
2679
4303
4666
9858
7735
6354
2723
4144
1016
8604
5771
7940
8189
5987
5700
9022
294
7284
1538
6397
6140
3660
5229
4444
1990
8561
2564
8006
866
3069
4817
5176
4070
1247
5193
3286
2787
4629
9412
8942
2855
8628
4203
6738
9769
2790
7555
3327
4334
1575
824
159
4858
1818
6911
9250
4196
9644
7932
4831
452
8442
8392
702
8455
5770
2525
9597
7252
7091
4634
1692
9560
5
9931
4702
7453
1622
9028
1309
2621
38
6180
5327
5690
8416
4439
4230
1806
1954
1348
6025
1972
3880
9819
3759
9577
9459
5297
3897
2612
1032
9142
1738
5304
2130
4573
6810
7348
7394
3397
3094
2240
9450
7856
7185
1862
4455
6797
5048
2299
8878
371
643
4879
6329
8365
9418
758
5034
7909
6154
9615
4020
6451
3130
3332
6582
4589
8729
4747
6876
4837
1089
6390
269
4738
2070
4359
6924
4324
9593
516
1349
7002
1865
3527
7487
4097
8936
203
6237
5847
4694
4091
4001
9481
6199
2844
6838
3625
4704
1458
7754
1881
6431
7568
3049
5715
4877
261
5102
8583
932
5901
5717
2239
1794
9484
6889
5335
6501
963
4393
7978
717
6406
4725
3323
3939
1925
9
1227
6850
4652
4492
2075
8460
9971
6553
7849
5849
2331
6310
3538
5391
9679
3361
9259
3413
6340
3644
2088
6834
5170
2538
2234
5015
186
1403
2385
7243
6337
277
5836
1499
3531
6952
5481
8242
9642
5725
872
5617
3391
8268
8929
7619
6701
5820
3407
5660
167
8407
5909
6061
2875
1838
8750
8369
4420
6522
3096
5724
6228
273
1249
1933
8166
3798
4172
2412
9879
8960
3043
3696
1111
8577
5022
8397
572
2533
489
3128
6333
9531
9117
9189
9414
9848
5759
3304
6101
64
9249
1236
7767
9132
4053
1831
6974
980
5349
891
8591
664
9372
1275
8805
3549
6638
5686
3926
4752
7176
9887
6826
9744
3089
2146
19
5579
3732
1092
2911
9661
3237
5545
2
4901
6176
2145
5508
6634
6339
414
1854
2921
3026
7946
3629
9912
2907
6575
8742
5103
8772
8682
6616
7267
1029
747
9406
6783
5451
8700
9220
7574
632
5129
6060
179
1058
5779
3117
4884
6184
5280
4466
8954
3127
1451
5705
7413
1664
7264
1953
7296
5782
3150
7214
1383
8501
6385
9071
2710
7104
2266
9830
7137
2396
7967
1164
8304
8520
6450
9638
4823
4971
1314
4482
7642
8414
7266
2193
6075
6617
1630
7969
7306
2585
3382
5699
3700
4100
6081
7734
6817
5982
3802
2059
5051
3720
3968
3131
3615
5758
420
7928
5818
4493
7189
31
2277
2169
8278
3104
3182
9305
2131
5050
9268
3642
817
1777
4033
1422
5948
4212
1534
3784
1742
5689
8376
8126
4178
9188
2460
6074
4845
1043
3426
1317
7143
9563
5704
2889
9918
2186
8433
5832
2526
1347
3331
1147
480
7796
907
541
3283
3459
990
7895
1981
2874
3174
4813
169
9546
4757
3709
3888
8303
5002
8712
4966
2192
4164
751
490
4193
3474
2251
3289
3259
6250
3419
3879
4632
5398
3651
2159
6478
816
365
7288
5043
3946
8482
2247
2650
606
5200
1913
2274
1085
2098
5845
4969
8132
9756
3343
4754
1301
2696
2495
3118
6470
4244
3097
7832
2613
7319
3442
804
2119
5206
999
2756
659
9875
4735
2279
146
4107
6138
5665
5257
310
4992
1798
8074
4801
6205
7629
8353
2027
1395
9394
9723
1122
1668
6600
1500
7102
7673
944
1408
5662
7203
2207
4717
1754
7015
4451
9176
2880
6120
6785
7180
7546
9739
6896
3103
532
5739
7464
9712
3369
3198
4960
8637
399
5148
3819
9932
8523
9360
342
878
1993
8933
6136
5893
5709
6186
3829
6578
85
9765
3778
4136
8316
7984
6593
7402
7320
7701
8192
720
1159
645
8227
8519
6489
2372
4965
1131
1217
1847
5197
267
6972
851
8669
412
466
3616
687
8404
7827
8892
400
4520
95
8491
2906
1765
1354
7257
7377
9030
7732
2084
7454
5338
6129
9974
4766
9587
9173
8232
4975
8568
5405
5716
2532
6840
9766
2201
1051
1693
831
7733
2377
4214
7943
7400
7332
9985
1191
3363
950
2982
2037
6319
7431
8385
960
7842
9130
7912
141
5669
8405
2832
3252
8602
8052
8229
6349
6748
9571
2479
6114
2961
5638
3387
6243
7889
7956
3487
6203
2691
588
5171
5874
7981
6892
7520
4993
3746
3851
5876
2355
9255
81
3839
5487
3544
9082
4276
4560
5139
2711
903
8643
926
6139
1420
8842
961
5373
4275
5065
4329
4769
9116
4820
7704
9244
384
9975
3476
2611
4970
98
8640
9920
1463
2143
6011
4412
3075
9570
4093
7865
1104
1097
1673
8040
6070
3668
8525
6482
8125
3753
3330
6799
8996
9069
322
8457
9512
2885
6023
3633
571
7433
5240
165
9911
7396
499
7538
6607
2684
1386
2402
8644
8739
7333
7461
7044
7750
9907
5675
6948
4540
9732
4753
6471
9794
6919
2608
6296
4074
5155
612
1430
1490
3473
8983
8183
7931
4867
1375
3313
4410
2502
2957
8463
982
9226
5020
2242
1427
8652
2638
8440
1613
6581
6442
3380
5667
8203
9966
522
8221
4251
7066
7819
5255
655
1962
2747
4052
7063
2920
2435
5804
4553
2176
1842
6146
4956
4675
2912
887
5106
9871
4796
9327
9467
431
4473
2722
6914
4927
91
2414
685
4205
8690
468
1653
4383
6281
9789
3438
4860
8086
9549
5997
3604
4220
7869
1295
8849
8879
8150
2664
7533
5271
609
9413
5613
4601
1793
8736
1260
7871
2096
8454
8598
6625
4906
9252
2352
256
3247
7781
7512
930
9444
8773
5843
7962
71
2483
3645
9031
3232
9845
8779
1138
3681
36
7547
6324
8918
2345
318
1952
7075
120
5925
2594
6505
7051
5520
1059
6839
6725
1223
9219
4997
5765
5093
4917
7140
2950
5735
4010
9175
6845
7923
7204
8728
833
312
8015
8119
2212
7867
3114
8453
8184
5538
7993
563
3351
213
8322
5238
5822
969
4854
7293
6212
7042
847
6036
4961
5384
9915
6300
6786
9906
2296
7084
2318
7992
3021
2565
4746
587
8981
9755
1625
359
8290
9482
461
1149
2766
7918
5017
2618
3244
4019
613
5582
8551
5063
5674
2198
52
3053
983
8970
2275
4994
9809
5402
8751
364
6792
1616
7450
1792
9861
8978
5529
373
8479
411
2333
1987
2458
8300
1529
3919
7311
5922
5131
7403
3359
850
2284
6819
8702
2208
3647
5888
5006
9686
1713
4169
1193
1764
3371
6401
6874
7948
3560
7237
4580
2209
2676
5644
5941
2100
3038
1770
8163
2419
8340
194
4310
8246
358
9384
7803
5457
1717
1302
2382
2446
8486
9492
8817
9200
9215
6197
920
5157
2129
9144
9393
7916
2519
1815
6739
755
8120
77
3771
2927
5284
2831
3609
9675
505
9901
3533
7419
519
508
2686
1791
2595
9592
1504
9242
5355
3210
4371
4486
604
7206
7183
8284
2701
7631
5587
6215
7640
9333
8230
8146
1912
9569
3486
8291
1951
1162
1331
2499
8140
9437
1533
126
9944
6108
8572
1251
5308
8506
6049
4184
7591
303
1299
1620
4417
9097
223
5024
102
1753
1278
9706
6763
9090
5810
3490
1039
9923
7079
3973
8811
7643
551
2322
3420
5629
9243
2302
8308
9935
9033
5581
2695
8206
6815
1377
9804
1325
4730
351
1699
4264
8660
562
1920
9798
9702
2024
6652
9958
7110
315
6977
9835
3310
4187
923
3506
6921
2974
7254
3199
5061
2955
7915
3636
8845
37
7240
4367
5763
7824
6692
3949
569
9663
1814
111
3482
3068
24
4141
1827
3858
372
9591
94
7688
5924
9410
719
5673
2311
5737
8549
5310
5191
3833
6286
2799
8617
1812
868
3423
4291
1918
3014
518
8078
7191
3543
4913
6179
8053
753
1883
9446
3041
6117
9517
286
8647
116
137
4914
6936
4245
8174
1642
7888
1069
4627
1447
9194
7772
793
5495
4309
8931
2625
3920
2187
756
4883
8494
1378
981
5862
9893
2628
8826
9270
5056
2972
1371
1233
9165
8735
7194
9166
1476
9697
6804
7121
1145
9021
9902
4777
9162
8930
5530
4623
1830
3161
7050
6521
7779
6950
9407
6343
1336
788
3050
3612
4848
1948
2362
3982
9961
5138
8419
302
5417
5428
5978
8368
4296
8650
330
9336
1568
549
1558
4034
9363
5736
6544
8876
3726
7197
4957
2154
4352
5907
9364
6870
9427
1485
4305
5058
557
3520
9506
7378
1453
8866
8483
4591
9747
7532
8675
4507
4293
5435
4510
8231
6315
9590
6894
9853
2755
2068
9951
2788
7583
8422
6499
3181
7149
3907
8102
9743
733
3143
5899
9433
813
478
6079
5713
3166
8319
5589
9430
5992
53
9306
947
5908
7603
2704
6127
876
13
8470
3296
2779
66
8855
1839
248
5105
4389
1014
7385
7997
1385
78
8294
4468
5036
6631
4984
3534
2031
2360
2398
4625
3377
327
4238
9070
1277
8977
7813
7297
3230
9150
6945
4390
5612
4304
1632
6297
6313
6048
5331
4714
6039
2127
2225
9865
2887
5632
721
9666
1866
5981
5264
3025
4028
347
1150
5887
5890
7825
1672
8769
6198
5218
1049
3977
9403
7033
8784
3714
2112
6043
6959
1513
7213
2449
45
8566
736
6954
3658
1211
7715
1244
6657
1002
6398
1132
5430
1964
4802
153
503
7985
7786
1731
5985
4171
9917
1334
770
10000
3424
6517
5591
6665
8399
1744
4182
8619
9703
3994
6007
4830
7178
7815
3757
1469
6648
6062
2305
3415
2009
594
661
5624
5780
9000
1775
9366
491
9758
9256
1716
9828
1338
3807
6069
3239
5854
767
4902
8872
527
4864
3395
7472
6166
8896
6982
5322
2630
607
6254
1432
4284
5473
1767
5962
855
5953
2335
7901
9282
7588
5643
7510
7826
5795
5974
6380
6285
9486
7707
156
1858
8852
3607
723
1273
2463
8900
9826
7899
482
1808
8661
6111
1221
3525
257
4298
9038
4391
709
9181
3357
3524
7369
5060
3892
2300
6756
6795
3510
3396
6314
2553
2819
4859
5427
1956
7414
5973
6666
9205
9731
3265
8847
7072
1392
4775
5030
262
6327
7893
8237
2324
9890
1355
6358
5407
5891
4342
198
29
6660
3536
321
474
9292
4699
7608
2304
3929
4793
7662
9535
4429
1361
1703
2425
3849
3023
9501
2292
6650
565
4979
9470
6375
646
7710
1932
1548
8124
5070
5628
5092
1652
7850
396
2374
4531
5807
4647
3399
762
4467
3627
5873
6330
2136
4446
6464
1710
5939
4124
1582
4923
8137
5787
2583
2652
5360
1656
6893
8186
8545
7607
5072
9114
5872
6717
962
3853
170
4432
234
540
3648
7523
7690
1120
3521
4046
7270
5800
7485
3598
6323
9204
7758
9163
4607
5785
4370
5115
494
4930
5691
4326
2367
3649
6814
6432
1506
2867
7389
6647
5233
3160
7775
856
5288
4221
9258
507
4239
4213
766
3532
9813
5513
800
3175
7648
665
5593
1356
8610
6351
9715
2959
5259
7005
4943
6163
9779
5413
2373
8293
7649
5228
4181
6967
9402
3282
9556
6239
3808
8471
2260
9247
1352
8663
7423
2132
2055
8075
952
1937
2805
9053
973
8168
7947
9390
4364
214
325
9742
877
467
3
7023
8601
9733
1493
4434
8113
8480
2134
5187
2758
7382
7055
5861
6178
7644
3485
808
7281
4739
6189
9231
4760
4013
4365
8653
3878
2655
7609
7708
5851
1660
7975
5625
4587
8200
3292
7370
5221
8391
2656
559
9572
3364
8218
7145
4989
3639
3464
1235
7929
7972
9595
7387
3379
1536
5793
9005
5107
6938
4945
3061
796
3947
3121
4718
4257
1271
8106
803
2013
7076
7316
3095
8118
9436
1246
6038
4465
8890
584
7410
757
5069
2534
3711
9115
8029
2998
5668
5067
4519
9146
5146
512
221
5817
7190
2702
2340
4678
6447
4900
1585
3567
8683
5300
9272
1488
3112
9783
7313
6067
8905
4483
7709
9618
6703
4881
456
7647
7455
2249
7186
405
3874
2984
4349
488
8326
9525
9018
7558
8179
4112
7919
9904
2289
3834
6788
1074
7259
9874
9680
3957
4946
9004
454
6209
1450
829
2954
537
3428
9131
7596
5814
3398
848
2001
1898
2455
3845
933
419
8214
2413
2387
4083
6306
424
7911
2337
6764
5124
5220
5549
7043
3494
6455
991
781
3384
673
8820
7736
8884
4045
1151
759
3152
2559
3238
9049
1789
3125
407
6493
3692
5993
3943
113
5320
2105
1746
9924
5567
7161
2220
2746
1967
1518
9426
8041
5831
6825
1553
5265
123
4644
6172
6091
1266
1242
896
1593
3309
7054
2966
6242
8406
2853
3671
9002
6682
2383
1243
1872
4700
1185
4152
2308
4210
6466
6676
3917
2809
3034
7238
5510
3932
1896
8383
7976
9434
9994
4478
6855
7821
9310
2719
4596
2535
3217
2699
5565
3513
3990
8948
9741
289
5003
7693
2997
3236
9916
4606
4861
6267
9480
8740
9815
2610
4506
422
3547
1608
6541
5164
5008
9929
7349
8488
2195
7391
5403
3410
7994
3507
7633
8934
8193
1481
5217
8178
1448
1996
5268
7689
4255
5485
4642
7991
9289
9003
7193
3621
145
2672
8380
8612
2285
5254
2301
8443
1784
4575
8072
6622
6837
6747
3652
9772
8437
8578
657
4323
7494
5377
5040
5425
3311
8445
6171
11
6601
5950
2218
5438
5930
305
5609
1841
3367
7793
3791
1073
6231
5774
9348
7384
7845
9550
8673
5698
4534
4953
7263
4680
1382
3528
6776
6530
3052
7536
5314
3981
636
4057
4207
2810
3862
7561
4765
1140
426
8324
7179
9411
7839
5799
8706
5410
3776
9707
936
2269
4297
3539
5350
4622
1095
4977
7231
7352
8906
6696
531
5153
6335
9688
3972
8985
6158
3136
2078
2010
6342
9184
2447
6843
9718
5307
8439
1624
2329
2893
6971
2486
9967
2783
2600
7478
974
8708
6879
1726
1747
4240
4892
9630
3493
712
4318
1749
6374
8005
9199
6185
5116
9438
8364
2643
4016
5960
6731
3229
4120
1414
7489
2334
5185
5455
375
7745
3698
9055
4964
2327
217
3461
8528
5621
34
6173
3083
1804
9350
863
9511
443
7034
9126
9608
2326
3935
4745
671
5004
3196
8843
5560
5279
1294
7029
4130
5342
377
8148
5452
2093
7944
7595
3706
8492
48
5468
434
9632
425
1419
3678
2894
1028
689
7195
297
5301
2601
9149
9171
7900
7876
3156
5378
69
6395
2320
8815
3861
3144
7449
3909
5353
9216
1494
1258
7465
1394
4186
5984
7356
1133
3262
3870
3864
230
6831
2190
5646
1487
7817
7024
5414
4974
9118
4295
6671
5483
3454
3875
5707
2619
2442
4826
7355
3193
5995
2531
7418
7392
7255
5514
7040
5358
5505
2773
986
1231
2872
8011
7101
8671
9209
3595
2563
4258
9106
9579
8398
8182
4351
8521
805
1379
533
5099
2881
7759
6217
5361
9867
1509
4547
5041
4767
6566
6806
1805
8925
2082
3149
472
4147
8703
9801
5223
8208
204
1307
7774
6073
500
2369
5850
698
6051
546
9111
7503
7260
5086
1342
6113
199
5882
5913
5227
1850
8923
5606
5592
2452
1589
5293
1304
313
7548
5454
5464
3945
9456
4456
8664
6856
1031
1369
2979
9477
1963
9949
7131
3204
1370
2492
8468
2577
5989
1156
4836
130
2802
7990
6677
2976
7379
4047
388
8508
5792
9652
276
7212
7262
3918
2717
2188
7914
5852
9008
8553
8763
2272
62
6252
5695
4464
958
3676
8624
8768
296
5805
3992
9619
2400
8021
3483
2310
1398
2960
4904
2754
4812
7859
2781
447
4087
7060
5328
6362
8205
6024
1415
2609
8253
3727
3062
1768
8911
3905
5421
670
8070
8044
4377
530
1297
3565
1969
6527
1763
3783
8339
9854
7862
7794
8170
2597
7534
550
5833
3912
2021
9566
4409
6608
1873
5160
8863
5584
6258
8497
1417
8104
3372
2035
1139
7687
7964
9648
7848
9314
8019
3434
406
7012
1335
4272
5021
2497
3769
9991
7575
4716
7896
8176
9708
1547
1843
3019
1388
8834
692
446
4487
5918
1787
9196
9667
9147
6326
2752
6487
8212
8571
7753
5651
4068
6949
3414
802
2750
8008
9358
6249
697
2454
2003
4669
4484
1603
1154
205
6433
3966
520
9398
4871
6685
8786
7614
383
4618
8908
2472
6888
1709
2537
8723
1153
9422
3630
6195
263
7343
4154
3497
9059
8902
4177
9322
2060
1519
1813
1797
8410
4742
8585
1160
2182
6148
3554
1113
602
341
773
9465
9678
7497
7761
1503
9529
5318
1436
3902
4180
8693
917
4338
8873
8464
7325
9654
3555
1346
4260
1761
9085
9251
9953
1182
4427
6649
5631
3733
5283
901
3745
9098
7653
6740
2180
7077
6402
4525
592
1232
3307
4081
3579
822
487
4117
389
2820
2233
6523
9218
8098
3105
3284
5523
12
8846
728
5336
7069
4368
4523
6284
9914
1532
6456
6399
3137
3928
8216
7274
6895
6232
8961
743
8062
7930
9888
5344
9110
7443
8016
3223
5303
7362
4972
2066
2052
6868
8373
2978
1050
6584
5167
554
6241
9504
5404
1835
8318
3568
2420
3891
8332
8109
164
4641
9868
7061
4898
2877
4447
3754
6066
1535
1429
6713
3742
5132
360
441
2410
4108
7028
3227
5970
8241
1021
6741
8597
8947
1443
9158
3576
128
4415
4288
7952
1311
3768
1213
5491
5501
243
3092
7383
8797
4287
5142
5915
8944
363
5747
9509
7073
9073
4954
9696
3066
4419
127
4131
3950
622
8090
1696
1495
8534
1683
3477
6947
1659
832
6656
3188
1359
1786
9170
2434
5272
9239
2083
6966
2838
2206
998
3368
7846
3406
2456
2144
8389
5531
2140
9415
6976
8476
3677
4733
4788
9561
4963
8265
6758
6899
7549
3796
9622
3337
4485
1155
9594
6684
8586
2951
1023
4856
3234
240
6131
8461
8286
2551
1991
8554
2850
6110
4941
6417
9298
968
1654
320
9294
100
1562
9796
8507
6008
3336
2816
7162
9837
1602
1253
5096
9380
9581
9399
4247
1607
3699
680
3405
7977
3300
3028
6511
7317
4833
4335
9323
771
1574
560
6128
7925
1999
9872
5364
7165
1849
8864
361
8449
8874
3402
1886
4795
4208
5796
1174
7820
7917
7481
8648
9065
6789
5169
6681
3562
9485
2053
3055
846
5128
9102
2578
3328
7256
1079
9478
7430
1171
3684
2259
8620
3653
6957
2430
2041
8752
971
7700
6847
9574
105
1690
8582
3712
4543
7604
1771
1157
9464
7800
1930
6021
1035
7545
9685
1766
340
9286
5287
6015
336
8496
6653
6223
8317
9811
7098
9681
3051
9629
6436
6188
79
2403
2524
5149
4327
6533
196
775
9084
9074
641
3253
7966
2715
6848
6115
151
2069
4023
575
6918
6416
9139
8738
5684
5389
6216
9473
5174
2381
6246
6331
4475
768
9245
6187
2484
3937
471
498
7227
2023
7760
1905
1946
4443
6480
2116
567
5641
3001
2376
654
4933
272
7963
5655
9443
3165
3614
4435
9077
8236
9844
4388
1609
911
6238
8922
1006
924
972
4692
5091
9240
4932
2934
6046
3570
7208
8158
4139
9261
7338
8037
4217
2554
5478
7117
2401
6742
6573
8659
539
5889
715
4035
2556
1760
6279
2848
8255
4206
7032
9802
8808
6920
8082
8441
4814
3790
1393
4157
4381
1219
9832
427
4027
5210
6774
3180
428
4423
8172
290
6373
2351
1202
8058
3355
6276
810
9891
2977
4959
3740
9727
4064
5319
9988
1337
4373
3306
7135
9281
4115
9440
8147
5463
3818
5393
9050
2046
3797
6020
8367
4567
5245
479
2051
9965
1252
9786
2431
6745
2388
3558
9757
3409
1781
5741
6004
3591
4720
4710
6997
1366
5205
6430
1054
611
7601
6006
7999
7303
1005
4571
8893
1680
5432
497
3322
5572
5946
4603
7492
1116
3724
5571
5261
183
5841
7830
7411
3691
2436
3960
8588
1687
5600
5447
2923
858
259
2203
2508
3425
1825
2579
92
252
7058
7881
2317
3871
1776
9206
9803
2022
9095
3107
849
731
2902
6560
2475
5816
8185
5678
7292
7368
4628
6988
8281
7300
1976
2738
9781
4069
5524
7650
5133
3036
8327
6637
5955
4503
4321
7572
3458
699
3390
1423
7124
1190
3855
4403
7196
1572
4791
3042
6537
5919
5347
9955
3039
1741
874
1722
1270
905
5842
7
2476
6624
5038
8427
5044
1441
2246
4341
8426
9908
9262
4776
1123
7328
3462
2812
6367
2356
401
5776
3063
1024
992
4248
7766
633
6939
6525
9044
828
4853
2102
8250
2262
2646
1143
8777
1698
9419
5397
2161
5554
2581
9075
7361
5566
1368
9827
2480
2705
7809
8031
1939
1714
9180
703
6835
5564
4611
4584
9737
4931
2453
1573
8749
9534
8839
8447
2228
7147
5354
9260
1705
5177
864
1206
4873
1480
1088
2295
4270
8279
409
5035
8472
9767
6363
4870
3498
5125
4185
8415
8175
9704
2632
4279
9092
2224
5135
3743
9607
3566
9631
8753
4122
7741
4749
2395
2784
3171
9129
288
5757
574
6014
4168
8621
1778
7200
2389
2250
1333
9816
5431
7360
3770
1444
570
381
9726
8239
6694
8888
4951
7517
4908
1758
7187
9547
5448
9784
7569
9290
9859
1020
5943
9643
5526
4522
8995
343
1290
1141
57
9720
6365
6412
1955
976
8341
3883
7541
2623
2690
6599
1560
5151
5186
3693
6175
7528
9745
6816
8816
1977
2312
1259
4103
1091
5897
8666
9042
8533
3209
6727
5118
8133
8651
5766
4384
2263
2114
4563
1237
6059
4731
6591
4425
9698
7276
6328
792
2663
3719
5679
8428
9134
3022
695
4657
8803
5343
5543
7698
8402
6757
3275
50
7406
8613
2165
5848
2975
9483
1330
5857
4495
5434
8790
3190
2886
9214
7438
3780
5937
5585
8390
8782
965
668
3701
7068
3251
5321
9122
27
9343
4999
7417
2928
206
1597
3197
4764
3177
3509
3628
6299
2049
4703
8596
6147
7367
6472
7198
8639
2868
9978
6174
7435
2720
8614
2969
7833
2845
4413
6383
8576
7046
1343
4825
985
1621
2680
439
8481
7973
1619
2518
6805
6807
6498
9947
9297
9079
3569
9211
2072
7141
2138
5484
7590
7828
1757
6615
2491
1737
8701
4280
9881
6542
3254
5140
6626
3090
4256
72
8197
6124
2689
6670
8159
209
8567
8937
5305
9462
3965
1511
5456
2856
1592
6627
3261
7853
4037
4031
1166
6867
7175
4440
8412
7682
6458
7903
2166
871
9788
3116
6028
9388
1400
8034
8851
6958
9959
2795
4839
2682
4156
3589
3317
1887
242
3010
4140
6201
1567
2468
5424
3822
279
8446
7172
4532
8377
3248
5367
9375
2945
4685
1101
7580
2863
1661
5263
4105
3584
2379
7543
6750
529
3129
3185
7169
914
2857
7220
7371
8092
9212
7380
1308
5084
9551
1997
2864
5194
7886
9897
660
319
5469
4499
2742
6587
9495
7111
3755
8856
3047
2042
2782
2884
334
4865
1063
4271
7474
2365
6917
8527
9100
7275
139
6766
1474
5670
4583
4282
6149
746
634
8328
2293
4832
3373
3737
7159
5329
6787
5856
6404
8867
4981
9317
6784
6411
8122
6019
4744
4198
4402
1902
7139
543
6583
5163
4102
9690
6680
7795
5868
3955
7268
1671
314
4792
8297
7955
8038
458
8887
8145
8819
6561
7205
5790
1564
7088
6722
4818
7083
8502
1199
2924
727
5886
4527
5077
2882
40
5165
6384
786
8478
2450
940
7616
4558
3782
2183
3479
392
2157
8375
5749
9839
3346
2878
3526
6144
9032
4233
8020
3765
5546
460
6916
5611
2931
3231
6928
3842
859
4385
8444
9787
694
9417
8009
5826
7776
3541
9460
2986
7738
3312
648
4441
5608
9067
9353
5711
9611
2698
4581
3915
5599
1438
172
2236
967
5712
5482
429
2036
7409
4114
7358
7891
5418
4512
5708
7421
1466
4129
1340
2427
4911
9520
1915
8153
1144
4314
6307
9790
9990
1928
7968
1421
4166
8191
4148
2725
7037
6012
3194
3898
9347
9992
4544
2916
3606
1649
5720
5180
386
9337
3285
2039
4133
2271
5728
1623
898
6552
8714
3202
3081
333
7659
5053
1100
6125
9633
8686
7436
1003
1826
2785
5248
8489
7728
3854
8333
9968
173
6423
5083
453
9324
6746
1044
9280
6271
9265
7258
60
6661
9401
9453
1541
9072
1728
220
957
6294
6372
3596
3546
9472
7892
1531
3540
6555
1136
3574
1344
861
6596
5299
4631
9382
3303
2915
8408
9627
6224
5626
1220
1322
3963
2558
1748
8260
1274
180
997
9416
1796
1684
2509
7166
8824
9457
462
449
6193
6823
5173
9442
1927
1570
8363
7056
1087
573
4123
9557
7408
6084
7705
5207
8654
4138
2080
5183
2807
4113
1809
6119
7852
8209
5933
5784
754
9217
7639
1604
1496
5199
663
86
6103
6104
790
8759
1303
433
8986
6344
1943
2718
1802
8517
4983
1891
7321
6623
4437
2547
818
9186
6058
5619
724
8674
2231
1462
9735
3953
2205
5558
9695
794
3556
6864
7289
4101
8812
9435
8307
1126
3365
7156
9628
4333
8971
3381
1723
4137
8171
7641
644
2040
6479
3325
7612
5383
9849
2707
9728
1098
2614
2827
7315
5998
4707
8417
2115
7840
658
7030
9063
3785
5213
7482
5467
3752
8622
225
7615
789
1345
2128
8330
1057
2561
524
4426
244
7426
6211
5062
7291
5422
4639
6984
5408
2424
1090
6565
4973
5490
2179
3675
9466
8248
4009
7308
1971
6872
1222
8825
2865
5639
5815
7883
2346
8587
3900
1461
2103
4344
600
9378
1041
5533
2014
9105
7628
6514
9554
729
2617
548
3924
6611
5569
59
4572
1404
4521
4533
6410
6812
956
8115
9523
2390
4002
1033
9339
7611
80
5789
1904
5444
1146
3219
7586
7150
4821
7279
2987
5202
8129
7224
3600
9062
8974
4654
3269
1048
2229
2423
1326
1077
9582
3583
4649
5224
6230
5798
7006
7597
2309
4042
9338
7552
5371
2543
353
2074
8320
9538
455
826
278
5507
5726
7242
2658
7951
6097
8969
797
6096
2914
4546
9846
8342
5702
281
8071
9649
4665
4526
820
5928
8356
3054
3079
1588
5029
7225
8514
7232
4829
2892
918
2214
9368
9889
7053
7170
8110
806
2465
2071
8061
3824
8199
2602
2498
3961
8630
3914
2503
2721
3418
8904
6392
5693
2490
65
9408
2267
7989
1224
3242
1844
6002
1464
2241
154
3828
2417
5172
6690
484
3422
6513
4868
3065
2530
6698
7725
7721
3293
2527
705
9674
4909
6141
7870
3859
5385
8314
1042
4085
6259
1055
8550
7216
2019
6126
7880
7330
4234
3810
6240
3492
4986
249
6635
6904
4806
4252
148
3716
6780
7954
2994
4585
1296
3590
7789
9431
5489
3106
1323
7501
1363
1923
2202
9604
9489
2939
7118
1525
2536
8500
7982
7988
9121
1612
7422
8616
8487
2063
2194
6389
6981
2651
3243
6881
6502
6762
2555
8894
4021
4679
6700
4982
590
5282
2210
4593
4978
135
4111
9285
5535
6927
22
2160
6512
7764
2184
1594
6554
943
3082
3060
8649
9774
475
5895
3690
4695
5108
6636
4948
4866
5141
8272
900
1785
6719
3133
1857
7122
6461
984
3537
9514
6529
7363
6135
6468
4586
2888
6506
7013
7342
1360
1046
9335
7473
7729
3885
4598
7521
4719
5369
8456
5723
8022
9927
8198
1329
2839
7322
8515
684
7295
1176
4459
2818
1669
2348
6964
9606
4361
2213
9345
1682
3011
2586
8575
4732
8035
8396
3444
6686
593
8555
9302
937
3046
6145
2637
3430
1875
2952
16
5117
938
9354
6277
140
7095
6076
284
9326
8731
9020
3744
8301
4056
3009
9099
8028
2264
3866
5506
9141
6878
1134
96
6516
2354
404
6262
4518
8837
1542
3264
3370
3764
8213
598
4990
1501
6571
7218
7739
1064
9263
1208
5687
6960
6709
46
7245
1822
7025
9497
6822
3207
2276
7805
3530
8518
6408
2363
2871
9586
8733
4121
2415
1550
158
438
30
436
4588
8287
5550
7593
1667
202
6352
9869
2607
8164
7089
8564
9386
4317
3913
291
1000
9977
995
2697
5967
2771
8187
624
7995
5786
9425
3689
4691
785
2007
5372
3773
6405
3431
2261
6234
8941
6808
2825
2058
4421
4080
5809
838
7339
7592
8559
4307
216
3934
2117
3478
1961
2970
133
2405
237
1856
7329
8524
1949
2033
3831
2515
1107
9748
8939
7273
7018
6923
8792
7565
3835
5292
7898
4273
860
9770
8335
5374
5630
5033
9128
6510
2110
2032
8434
9344
674
3847
742
4266
3179
8093
4476
6940
9939
978
8903
275
9921
6153
6457
1445
5745
1045
9183
4968
4458
2017
5931
6809
119
5275
3250
1577
603
1650
6628
1581
7913
215
7246
5209
1129
7719
190
7298
1762
1727
6495
7694
5935
1644
4920
8635
4935
3825
8477
1332
9716
9296
3214
8100
3662
9943
47
6586
5443
619
5076
5645
5168
6465
9346
9664
4029
55
8217
5411
90
8450
9821
4096
7743
9104
934
925
4041
7706
7677
5542
4559
618
7420
9775
232
9342
6355
2167
1276
8676
1546
3813
8694
7855
3814
9145
7305
7599
6658
1473
3135
6642
132
3287
7877
4290
615
2622
5627
7570
2521
346
1102
2421
4460
6302
2015
6257
5246
5066
4416
4715
2191
915
4937
3586
2557
9612
7038
5045
6394
5112
8883
3695
2904
885
9909
7404
906
2645
1685
5659
8081
4645
7560
9526
2910
890
430
8830
2991
631
224
9011
8746
3045
4579
2469
328
2588
4891
9461
1745
9537
8292
8083
3263
6852
1038
8899
4633
1595
6865
4648
5396
5721
6424
8560
7094
2743
6462
732
3467
1110
9684
6771
5032
2803
1618
4919
8258
7163
6481
4018
4098
7763
4781
2325
4175
4378
337
8418
7344
2328
2834
7996
182
7922
5912
682
9213
8162
1293
3801
1292
6768
1401
2238
6697
3517
9982
989
3302
5400
7280
7416
9960
3059
5462
8717
51
812
1137
6693
8309
9143
5025
2980
7158
656
9127
8741
2670
9721
1772
836
949
7882
6588
7792
4562
6798
6264
3376
5555
1012
4219
134
6213
2947
9404
8
9341
2011
6715
4489
5433
6654
946
5552
5648
3760
7126
3102
2298
7424
9475
5658
9140
2332
7222
7462
2967
3763
4050
9054
5190
5827
3641
9019
6065
6922
9208
6295
1198
163
737
1701
395
1718
1557
1076
1313
8348
4481
8655
7818
6357
3876
5412
1681
7467
4225
106
1910
9182
6995
7684
4477
1666
1986
6452
1694
6474
4763
6454
7399
4896
9662
6547
5294
3665
5312
7716
8142
8959
4621
6891
1884
8475
28
8838
2418
4805
1207
3781
2232
7695
121
4491
2854
4706
6743
3702
4328
2896
9542
6400
8757
7439
1321
2674
4915
3164
9476
6265
5178
3124
6705
9395
951
115
2470
1516
6736
9377
6558
9898
3212
6379
4509
5278
4602
9578
2391
1197
5013
9753
8636
515
8804
5986
9445
1890
3085
8094
8321
7623
1966
4846
8780
1083
3288
5054
3195
1646
9773
9863
8791
2757
7602
3867
8870
9981
6595
3070
578
8238
2142
5235
3997
6426
8027
8565
827
9078
9972
8381
3933
1674
3277
4104
2281
2930
1037
7908
2764
6621
2109
3863
7486
1257
1807
370
8535
8247
5574
2687
4697
6030
542
4759
2314
2806
9691
2487
4895
3122
9373
1643
4163
1934
6704
2953
5078
2562
8540
6707
1093
6782
3938
5671
3170
8720
1555
8276
763
2593
4242
4216
8277
2763
5683
9817
9191
948
1300
7493
2477
8949
5256
5794
4347
93
4661
2350
1483
1879
9616
842
996
1103
7904
6152
6317
3100
2397
3686
9172
1648
9123
9829
1179
402
6371
5166
9896
3501
7500
596
8850
2786
2196
4827
4582
3848
1109
4844
3899
3751
8938
4524
8860
2095
9288
5026
4770
5544
2749
1559
2248
4176
3991
3290
2164
8967
197
6915
8699
8112
669
4400
8634
3429
2012
4893
3445
2813
928
6347
6280
7804
4204
9439
4849
9225
274
8511
8536
4514
7784
3276
2675
9598
566
5568
2584
7115
9925
637
939
6926
3465
2636
9956
2104
2174
255
2273
4089
7458
5439
6777
5137
7302
1836
9471
9374
8984
2047
9800
8681
1855
4656
8343
3015
6987
576
7811
5694
6568
2780
1341
2173
4939
9780
1755
1205
3767
8128
4599
811
1985
2678
9068
8130
6909
6639
3927
147
3178
4517
2406
7974
1845
5181
716
3279
7563
2061
3964
9246
7009
5945
317
9655
2211
6755
579
2769
3868
9112
2016
7287
9006
9081
3481
7525
2744
8957
4498
8152
5001
1940
4300
9253
2268
7678
4536
1353
7697
3869
7834
2913
9271
5616
3799
3334
357
4192
8765
2800
6535
8966
2057
9293
8466
4698
7476
8243
708
6403
56
7979
8796
345
7683
5348
9279
1611
6744
9553
6818
2634
3139
5479
7239
101
5376
2323
5701
8084
1596
3032
4556
7097
5657
591
9740
2860
4259
6610
9665
3110
5656
857
6177
4044
5860
5387
6863
7927
7544
9035
6463
6132
9623
7010
6973
1851
5604
1947
9156
2774
6887
8950
9878
1446
3020
1081
1339
6730
8685
9164
2964
7004
2512
5313
3656
6801
4750
7513
2840
5846
5274
1523
3877
2290
8108
7463
8964
5906
9659
9782
6913
2898
7645
3603
6484
9836
1390
6833
3169
7755
6770
3456
3099
3003
8361
6965
464
4772
4294
2817
3722
1994
7921
4322
6263
4674
3126
2798
4395
3826
7081
4515
5561
5362
2137
745
610
5357
7182
9454
2861
5990
6467
1888
8662
8758
3731
6589
1732
3823
5598
1269
6346
1034
3970
9533
2575
8388
2443
8068
5315
6880
7744
7587
2081
6830
4872
7345
2767
171
4480
6906
6157
3605
9852
44
2732
8756
6714
207
4353
1901
738
1973
7014
1319
1056
43
2667
1515
8400
6640
9502
5871
3184
711
9153
1617
7457
7434
6886
2633
8235
3151
8177
3708
4863
9133
8743
5346
7445
1919
4336
8721
6824
1431
2571
6937
136
5783
5863
3602
9452
5109
2739
4457
5634
7625
1440
9857
9309
7598
7278
4630
3108
7637
3006
8603
7261
8143
8370
1803
7742
7020
2510
9423
4755
4116
8885
3988
8485
4095
4672
5258
2681
6261
987
4170
4067
3646
348
8807
1183
7576
9013
8432
99
4722
5420
5927
2175
5615
8436
8764
5750
6227
1736
5225
3836
4405
5988
748
6790
9494
4905
4538
4463
6057
8707
8972
8315
4278
4998
778
8202
8424
254
2962
8976
9724
3146
7610
8832
6377
3511
517
9750
7248
7866
9187
4789
5232
630
9548
4224
9230
2252
8785
7374
677
5781
3730
7696
2407
6305
1128
2148
1106
3903
5018
3704
6303
6063
621
8156
2544
2507
6842
2891
4049
5386
2291
1218
3787
3508
4888
9585
5276
5636
3551
2936
1917
7875
6064
4713
8499
970
1127
9507
3974
3873
335
4078
2591
7052
6168
1172
9761
6632
437
8841
9640
6087
1688
7756
3679
5130
7128
9210
1697
1264
4250
174
2673
7395
9235
8552
7491
4600
2321
8642
8857
9599
511
1679
3076
8063
6338
9833
3087
4418
8395
9089
8091
3750
5746
8667
3821
686
6520
4857
1071
4542
690
2659
5470
10
6751
5710
3841
8725
2341
7530
2550
4548
3694
2087
2411
241
4269
7211
4431
3084
1773
5595
3594
1870
2641
6477
1491
9521
935
8325
9941
2903
9304
8135
2574
8046
6370
1108
6287
3213
8997
9928
9860
9499
3228
5366
3573
6437
9864
883
8615
1226
5959
6445
368
9387
7522
8704
1769
7299
1885
6528
795
7823
8085
4058
3705
8530
2399
8270
7910
6248
2307
959
380
7727
1484
374
5743
6236
5910
6646
4557
1635
544
1017
1730
2244
9119
8257
8645
3071
8051
6710
1658
8992
8141
3682
4748
8928
6832
3484
2694
25
8762
4128
5954
9603
5537
1084
9922
2330
8334
6486
1310
2020
7860
7000
5409
3403
2339
4076
5406
2748
5865
8705
3320
9645
4592
8573
7617
6378
4151
4236
9847
4433
2471
5975
8570
4350
9752
3308
7801
9673
4516
7269
5966
6376
3400
3986
4545
6194
4092
1177
8131
8814
5311
5394
149
5440
6150
1279
7136
68
6841
9540
2370
2529
212
5900
7626
8271
3024
7667
2692
9264
6112
5940
7836
4976
6269
3233
3480
9950
6970
6251
4299
8548
9634
6978
4445
9351
9841
8211
5653
9838
1783
2342
8946
2451
8371
6159
5947
5534
459
9900
676
4737
397
9312
2030
9555
9488
1468
652
3954
1019
8840
8732
3440
3809
4362
3925
2227
6827
144
1442
2139
1810
6688
1720
1449
8138
1979
9362
9046
6935
9308
6090
5964
3115
4222
538
8801
1651
6438
7181
7397
8646
5853
8057
1212
5775
6409
1365
5250
1428
8580
3895
4947
5039
6630
1282
1569
3889
9094
9905
4348
8362
7479
1833
1633
1590
1610
3224
6844
3619
8711
2253
211
9567
9824
7127
2168
8215
2567
8024
9295
4942
9025
9355
5461
3998
9487
5459
1576
7711
7429
2582
6526
7334
6218
7011
6245
1605
4014
5956
5528
4398
7672
1670
6316
5273
6580
3348
2422
8305
5316
9886
3463
6071
581
150
5536
229
4153
5761
1025
5226
2505
1060
9041
4173
8542
5942
3514
35
3906
5999
5623
514
6026
1950
649
201
845
9795
4479
1724
6543
5211
5635
825
2286
1502
4564
1970
1413
5898
688
2108
3274
191
7373
1751
4004
6308
7703
285
7250
4790
2603
8594
4724
1387
3147
4145
3392
39
7350
6268
8927
8718
1782
8288
2712
1439
5496
9843
7132
4824
3350
1457
6133
8358
9882
6044
7253
1396
4497
5685
3844
5618
6214
42
3091
8042
9201
3266
6609
8079
7390
4379
7524
5754
5156
3159
2933
4875
6029
6000
841
7372
8611
6655
4604
3618
9096
2482
6929
253
7171
9625
23
5486
3033
809
5516
378
8609
4488
2026
6322
9367
3840
3272
3056
7153
2156
4566
5731
485
8787
4283
6282
7515
3519
3563
8387
4043
6078
8813
3650
5161
5345
8522
7937
6969
7691
8962
626
9349
2097
3687
9709
9508
5808
8802
5640
1893
3004
2494
2294
8139
6229
9834
4003
8088
9284
4036
7757
7770
9479
7057
3153
9646
1725
4126
1200
2716
2432
6444
4926
1637
6860
7519
1526
2938
3443
349
6414
5392
2776
2566
3830
4286
6689
7636
7529
8067
6204
3305
3587
2288
3341
4376
4800
7942
4740
7887
4784
4882
1867
5466
3747
4729
9269
473
5773
5562
4530
6274
4308
3360
6944
8557
4810
3884
3386
6210
3435
2993
8963
8716
4167
4200
4292
8760
3453
2361
9734
8794
6160
6092
678
7681
8569
4055
1478
7184
2879
8880
6931
2313
8012
8438
3806
5281
6221
413
9376
2316
2990
3489
5497
9009
525
7283
3673
6422
4005
6099
8111
1998
2478
4262
8868
8312
8806
3338
1407
5577
1240
9267
7998
8881
7495
2570
9895
7108
2048
9254
9193
332
7106
9969
5382
9541
4399
168
8709
2932
9361
7652
3176
5188
4663
889
2946
4929
1631
4822
6728
3141
6503
994
5031
6226
6857
1402
2549
5680
5332
3886
9207
5097
4614
1180
1864
5214
3969
966
4401
9952
5696
2217
7340
2545
6572
4246
5306
8722
9656
2642
2181
6122
8337
3347
8871
5253
6702
5553
3503
1196
5123
6167
8089
8562
6446
5477
73
2243
7277
8747
7456
107
2709
3432
2086
8710
6598
1389
9024
4721
9026
3172
595
4505
8116
3624
2941
8895
9682
4414
1647
6247
1201
