351
12
364
936
716
823
995
860
89
696
831
33
576
381
759
197
206
906
429
724
840
646
409
511
2
353
584
165
413
498
15
423
163
781
64
665
766
161
62
822
246
712
292
898
917
327
8
304
751
618
916
604
746
88
634
756
797
374
343
784
277
435
560
844
196
29
203
415
448
952
235
144
934
123
260
661
21
992
223
388
683
147
514
767
623
946
164
217
276
257
42
731
614
132
962
813
911
186
371
167
1000
417
375
849
318
931
533
455
268
180
290
718
18
793
938
92
975
647
948
32
754
941
572
617
112
619
34
727
270
702
656
426
240
950
28
541
669
149
239
973
539
806
23
361
653
676
693
768
150
925
519
379
326
475
420
887
939
224
605
570
458
162
482
930
470
471
58
649
245
86
966
283
370
19
976
457
905
466
602
179
284
971
874
573
96
428
664
615
812
68
98
238
555
279
219
226
227
225
928
574
320
155
38
325
119
168
896
491
11
811
565
777
228
52
821
738
55
704
680
493
474
169
66
255
26
895
463
969
678
994
367
590
339
675
580
51
771
630
608
291
472
890
87
335
354
900
658
394
663
852
987
312
587
603
71
734
523
735
770
350
259
209
650
828
583
82
721
137
504
434
313
805
41
507
127
146
91
642
715
153
943
194
942
707
296
621
189
75
390
67
561
764
316
117
414
926
686
865
521
785
382
280
480
484
699
726
912
191
331
566
272
667
251
486
733
384
567
924
725
368
359
879
909
907
396
322
419
404
122
10
324
254
517
243
443
274
465
547
596
544
231
110
202
232
965
198
954
424
765
108
892
216
31
752
783
173
601
845
873
586
598
717
638
395
321
310
947
157
856
807
984
50
73
27
775
99
293
115
487
447
629
78
267
620
377
753
297
720
910
903
944
834
985
552
760
728
151
885
69
285
323
857
490
195
918
39
803
706
80
452
908
346
185
689
529
993
891
95
551
479
518
713
352
877
83
568
809
249
711
988
393
345
868
705
964
762
940
256
402
334
732
609
960
802
772
904
140
500
684
747
366
512
79
347
679
881
677
569
757
763
951
579
631
483
49
467
340
176
408
791
309
128
129
958
503
929
278
405
205
341
585
999
729
749
897
626
148
525
545
65
159
445
825
288
499
372
701
237
464
387
391
920
56
839
85
524
790
691
220
229
136
635
851
787
983
527
516
299
13
843
54
774
794
739
459
913
22
265
932
222
779
166
520
744
933
550
383
535
829
956
74
230
709
338
644
47
595
446
878
3
281
502
855
830
444
690
438
43
170
871
876
496
63
406
660
362
625
915
624
986
882
864
287
548
201
597
980
389
681
236
838
333
252
431
94
850
289
593
506
798
4
967
124
979
244
953
101
982
581
654
997
234
298
708
627
899
558
133
537
142
241
116
672
469
311
508
921
183
959
460
337
553
46
103
266
76
301
723
636
641
385
172
870
120
477
449
810
577
441
668
589
827
815
14
968
866
989
571
818
336
692
698
858
106
213
261
456
118
25
61
863
332
380
264
786
473
949
233
90
563
945
505
105
295
53
342
824
750
869
742
826
894
622
494
468
745
639
685
538
48
875
422
263
804
730
666
842
880
193
836
114
773
5
143
386
688
215
737
972
833
315
138
175
355
317
758
416
557
542
651
674
427
100
247
801
788
476
199
761
401
888
594
258
814
184
991
139
562
719
633
432
262
748
113
275
357
659
978
592
935
673
433
808
632
178
640
461
532
130
549
662
714
453
862
330
492
832
356
526
485
740
919
421
462
599
607
141
440
192
373
578
329
152
204
847
365
294
841
901
540
328
528
134
687
363
84
782
307
1
102
927
37
24
556
121
886
271
543
308
70
93
436
893
501
819
613
741
407
859
131
218
489
418
872
612
591
996
45
861
889
109
883
306
182
135
977
214
30
378
816
17
722
77
796
411
269
923
478
694
187
671
248
439
181
509
534
497
961
97
799
104
57
81
72
582
743
697
145
554
177
990
531
9
300
820
792
111
35
208
611
349
358
588
59
488
242
60
867
884
778
817
800
286
125
156
412
437
981
700
454
610
652
937
736
515
171
319
16
564
530
305
210
369
657
648
253
451
628
703
344
425
645
780
282
755
154
190
957
643
160
430
846
250
221
769
710
974
682
6
922
392
399
963
955
513
44
837
207
126
314
410
212
536
510
776
200
360
20
902
211
158
302
606
853
854
303
174
670
616
36
376
546
522
481
970
450
795
400
348
789
655
637
442
848
695
107
495
914
559
835
575
40
998
403
398
188
273
600
7
397
