+    24610  2646289  2466133
+    59787   608447   834754
+    42087  1797682  2804892
-    97088
+    10898   578632  2705228
-     7660
-    32841
+    85449  1985184  1101169
-    67478
+    45121  1658413  2255328
+    29781   408745  2221195
-    69563
+    64976  2897142  2536225
+    94231  2790323  1644585
-    20911
+    56430   132368  2293227
+    91749  1388364   205791
+    25722  2421931  2612808
+    72109  1497771   410874
-    86797
+    35517  2289901  2677631
+    96863   305201   674343
-    23212
+    20648  1463473  1495751
+    80712  1165443  2784472
?   773194  1611882   530803
+    51864  2388173   508842
?  2126796  1746331   553225
-    65896
+    68080  2317311  2440624
+      592   525779  2544937
+    87394  1085727  1104702
+    49713   671937  1902254
+    71222  2240113  1098638
+    34347    88479  2743705
+    39519   391635  1390491
+    88241  2573952    14736
+      732  2808004    31881
+    14996  2830720  1538990
?  2613306  1650579   407086
+    70733  1606042  1337146
+    46259  1659306  1732090
+    38607   985790   377940
+    71973  2980001  2949290
+    75946  1024060  1677102
+    42431  1501247  2362795
+    54929   630722  2142119
?   429481  2315965   569845
-    27944
+    49209  1295773  2344062
+    91137   550020  2118725
+    77311  2048473  1102040
+    72702   141753  1726613
+    68566  1385640   887079
+    42619  1773071  2598350
?  2533491  1351927   365716
+    83070   112085   182903
+    67009   200611    86762
+    21517  1001200   110848
+     9450  1932654  2895035
+    17723  1936070   224193
+    81475   810621  2895579
-    14996
+    33315  2347319  2134947
?   684679  1702943   542256
+    80170  2392583  2127368
-    63685
+     2724   539605  1196350
?  2516397   641319   520280
?  1450125  2319009   330460
-    89945
?  2166284  1099242   466148
+    86741  2663390  1340330
+    46315  1006229   288638
-    83236
-    67287
+    18982  1777865  1578044
?  1616018  1768681   311312
+    65423  1571150  2546619
+    61371  2296919  2416620
+    54440   649072  1422322
?  1687878  2673462   370744
-    57515
+    50144  1571940  1197773
?   923711  1602175   384368
+    25627  1565563  1277440
+    25467   191262  1110954
+    95328   258780  2472858
-    63122
+    94063  2328797   846432
-    37111
+    96035   352411  2569978
-    18071
+    68280   774009  2390378
-    30942
+    43827   614271  1951247
+    91385   885524   545158
+    53138  1078608   801175
+     6592   657402  2025651
+    18446  1471736   167291
+    83977  1595858   492254
-    92366
+    28390  1818286   244702
+    36530   980185  2417482
+     5334  1756533  1028747
+    11182  2442296  2192107
+    47052  2396650  2076389
-    49013
+    19211  1749713  2295114
+    66913  1618668   999568
+    61613  1470905   309559
+    18336  1460070  1384440
-    47541
-     2760
+    85676  1772634  2233258
-    38172
+    44502   386035  2543413
+    88245  1236526  1655950
-    82958
+    31735  2455347  2444046
?  2315848  1319228   555600
+    69165  1721670  2816658
+    37804   405248    35639
?  1399386  1696659   470204
+    96628  2304765  1991750
+    14981  2836484  1768610
+     8707  2340257  1644517
+     4400  1204773  2556518
+    59073   980448  2077579
+     3389  2783165  2864081
+    49428  1334539  2927340
+    89110  1188969    11476
?  1503095  2166811   300391
+    46475  1599251   520146
-    89256
+    67940  1054558  2218023
+    61979  2660759  2587908
+    37537  2833349   209740
?   455679  1022013   572318
+    77158   675623  1600139
+    80535  1150290   115178
-    89678
+    12920   821219  1020452
+    95849   352471  2190975
+    61478   845284  2339384
+    14278  1105602  2647041
+    50092   331033  2924568
?   673900   183007   411313
+    95425   908242   140545
+    84354  2893202   302748
+    17927  1751908   256056
+    26331  1350748  1618989
+    15532  1302754  1109425
-    32373
+    13379    23306   156800
+    78728   294494  1795587
+    83888  2085654  1093449
+    48490  2344013  2467389
-     4840
+    94745    31144  1356587
?   168946  2004283   342094
+    14879  2245008  1127510
?   398134  1195868   345815
